X1	X2
0.6018928459850164	-0.07355601913647834
0.9936985910987144	-1.1686514244243555
-1.0267850560749041	-0.6347482649089092
-0.7510613026063233	-0.028841552928314446
1.509166537328701	0.6706959687339302
0.09514745084928676	-1.6505465434251092
0.8959478227564988	-0.3497542392112684
2.070751070541964	0.7564064385454836
-0.15012013118814335	-0.5388091599775925
0.07921170925858824	0.22729192167294204
0.09736926751308099	0.4922285700644314
-0.21615254180123264	0.26783501533168314
-0.8824651643965872	0.6532576794713816
-0.20559750448338662	-0.12270866097738006
0.6164358428735284	-0.41367651359212027
0.7347992519212811	-2.6431489520289784
0.13180279304118106	-0.09294101847947203
-0.31001698657895177	0.4302846963599871
1.0396803527020415	0.5353988408681499
0.18430886884238382	-0.5552783513132517
-0.9672672601679138	1.7795029097751494
0.10828009123448613	0.2864244196288247
0.6984206675943903	0.12631585845888565
0.27594516842553973	1.272266779468519
-1.1146485453619799	-0.7184662213192593
-0.550043961214136	-0.4503386239247119
-1.2366758000816054	2.397452480049763
-0.1390978571617711	0.011129187220887952
-0.41027509649042515	1.6335684214083066
0.5584569123481329	-1.438506644914523
-0.6053706689303329	-0.19051680204290142
0.5063335421892394	0.37842390363683187
1.4205655046957444	0.30003854520579754
-0.12799296568412577	-1.0056362595108368
-1.9458512177314353	0.019259274625370804
-0.8009143395730616	-1.0774206531119819
-1.1652533899462603	0.7127033252442824
-0.3588557230931522	1.0847750898606459
0.6085571783162245	-2.2249876964874127
0.20224085511028375	1.2356934623001432
0.27324810681192524	-1.241044496808491
0.4686997797820871	0.45476926898263287
-0.7041672839297158	0.6599026381426083
1.1973635023654117	-0.1998898281014332
-0.8663661321127734	-0.6451139568597918
-0.8641524862258932	0.16532102124205025
1.1986223590687484	0.4388187007144536
-0.6394919979005336	0.8833028199487049
-2.4302266523445084	-2.0523369839019527
0.5572154819416083	-1.6363792680590246
-0.8449042414080717	1.430402341188183
0.7822018456194033	1.046628847111547
-1.1107114182028008	0.4352889489076821
-0.2498247199265625	0.7151784071110604
-1.6519153916231646	0.9171749176410033
1.4589707285369156	-2.660922798465681
0.051297886125361236	1.1102770966388196
0.5269251761255977	-0.4849875965623248
0.1972648690762991	0.23061683063120178
0.629578742686005	-0.29515780088357724
0.8338435805350006	0.871964954078744
-0.5787223746164499	-0.3484724489556109
1.0875807140769271	0.5185037658882478
-1.4840309315562832	-0.3906849786389791
1.1862065853137507	-1.0927872091015058
-0.10107915139527966	1.2100105104402648
-0.5329892868264807	0.7409000112742742
-0.5867353390926253	1.7242622391564528
0.3017466638663803	0.0651539325793032
-0.07950199532840103	1.1250027458281737
-0.9612641518096774	1.9754190540190784
1.4564659170764258	-0.28148211503896653
0.7817397115320819	-1.3229511127552154
-0.3204023143166103	-0.2393515671381162
0.4447819783369915	-0.2140412399853833
-1.3700039939710003	0.15168050450931972
-0.6732538633548357	1.7123049773192824
-0.07216675241475584	-0.32614389250534814
1.50775731753668	0.37300465580491543
-0.026100225326241802	-0.22768406489553114
0.3164158681969931	0.020450708525032547
0.10234651352059783	0.31405766350626224
1.1815592270556854	1.3282146960369865
-0.49865804382992457	0.12131837749077803
1.038956440307033	0.7128423200311134
0.22622198144240974	0.7788600297835346
-0.3814258294513523	0.9147732708556343
0.783515789013048	-0.5743945521843834
-0.5829914056800642	1.626881214194677
1.3165104016516926	-0.38095673929401297
2.8097746789605416	-0.10578416764975175
-0.4649679907858525	1.4040502677141713
-0.8405398269609996	1.2940839061455802
0.2858454235913839	-1.089991872411238
-0.5041262545916082	-0.8730710004174634
1.1559165250836716	-1.3580790593706142
0.1271486068256622	0.18184719261983215
1.9415183760406178	0.16484086791846608
-1.1811808914385218	0.3641146873550629
-1.859910861543161	0.5521577142185579
1.149428296389378	4.0740122602819895
2.426324891736955	2.972653033586258
2.1503041089173913	2.9666696577240805
1.6656164146650467	1.4839323768489008
3.5007190979649736	3.790385343888228
2.489902071771511	2.7892658193082243
2.1312067297558457	2.3432570746389247
1.6306483119969726	1.5879742073416914
2.2373488536736312	2.700237503353728
2.578852826962667	2.1509388649832917
3.868224047271223	2.602969479672163
2.2704396390423067	1.7824000122364025
2.4997341275817124	4.6875894829456985
2.3657497462930897	2.9839974727920313
2.5763549544277433	4.074945077272385
3.201838044710004	0.39830032974234797
3.076865898434014	2.5468021700051624
2.3126358867184833	2.324517708407929
2.82836849307546	1.7770738206340868
3.8301085743269883	4.546609154224095
3.2901591198056677	1.5847180802305099
4.319125724176509	3.3183902604080253
3.9670319026689116	3.846436285579692
3.144611070135517	3.1781901884180233
4.7981325563749255	2.1247445225044843
4.6885424745915785	3.9411658067241673
1.8974348005639157	3.170588081840838
3.57661892421144	1.9365020936179567
4.851691729551487	1.6119509523979385
3.112863239428975	5.086717434493147
1.678930732778485	2.3214968545815626
2.337745703065359	1.1444283460819598
2.5586168016463624	3.533259362753652
1.8162540877201592	3.3102302560608954
3.771501441100894	1.6461656642774016
2.270310808647963	1.0570435864180499
3.58708561577886	2.8836974828413946
2.999235813637486	4.1393962917094225
0.785534680659874	3.6361240351821484
2.0305656042907394	2.5070625758380225
2.2319922862827855	2.1658117684156224
4.10832791181816	3.271066756750545
3.786235919994713	3.1573533472161577
0.7158835197383993	3.6297117466927276
4.0933007639733106	2.6042020497111036
2.785520624714927	3.8993540532030995
2.1074289403629276	2.169188472663752
1.9812420276577418	2.669455299880037
1.9108879890807615	3.7408145237259047
3.1631289898852146	3.989971608627113
3.8209866971199973	1.0614952985466206
3.3072572329886394	3.107190407016153
3.9020980085394634	3.60877901173463
2.3729312568850163	1.5491756865093687
1.8796449715738932	3.4806255998752174
0.8727864475064742	2.171825729603203
2.633885617068281	4.020253012164429
3.8747813771936856	3.538482032102641
1.9755251370067723	3.7690522949956096
2.09524110630469	3.1207193292870343
3.2382486959028265	3.8636484341577533
4.557854903872315	4.380514528314538
2.2386901046060856	4.966248015455633
1.8708556043583735	2.971604945250935
3.295107830705934	0.7509489096675952
2.4637571816419745	3.031526004593992
3.275890474750511	3.2055612084499745
2.3176847548624866	2.8446546528556014
3.1172907147148488	3.5682886207770745
3.3446758639200618	4.010677964514265
2.8883795018027896	2.4820175698321782
3.283405314982296	2.7059046728438894
3.5910171644542848	3.397842208800339
3.315936931242398	2.449776258510862
3.0081521523255352	3.0912673834882356
2.792504859281526	1.038292401114698
1.4675763783741615	1.880100278602376
4.357997830953484	1.6722445243958748
3.1996190505529425	2.1463763032727585
2.3684768722191736	2.3066954720693342
1.2379790965571336	3.38230514254637
2.573985637384505	3.9821130025226408
3.0137534164754	2.2726164709124648
3.3075569095963595	2.0031610176219954
2.5856918358917103	1.9583111410104903
2.0109420798036104	2.585411273636326
3.1838583105460527	2.760970931847436
2.8362385931534426	3.4836175338382693
2.783063655855616	2.67867515783161
2.270722365790344	0.9215107311399771
1.8886195929753113	2.9085657244498617
2.720839183060369	4.187186810651556
3.07617067154718	4.191601268510325
1.605336867791424	2.21103678188877
2.8354658823944154	1.4522234563624292
1.422148021206521	5.4580604918652735
3.06192265761955	2.837578057520581
2.3860770358063146	2.902548749894383
4.546088594245239	3.420574188698147
3.1123919613374076	1.3859605433808806
3.0217945399608857	2.2717808888087125
3.7583454174165456	1.4595575947099906
4.035892884422299	2.306905385989405
2.051840697448189	3.118849433004561
2.0858412660722805	1.6352905420130879
4.2987319948464595	3.589982679367313
2.5756212050656577	3.289344028817336
4.112545319955085	2.095784974379361
4.051073226181558	3.2263249423810634
2.4745875517336446	3.7480811624938433
3.686024000093054	4.061095253261742
2.006520017877786	2.7871517213534722
2.9614764009246546	2.9063632060889546
2.463851024214276	2.913285865018075
3.5236266978861615	4.441461756055045
4.1512213349435925	4.125071892277994
2.085247758997244	3.8344015677570393
2.761928508437286	2.7126592001593073
3.2390677594547066	3.373241434166406
2.930764673454264	3.403290331220696
1.6740916574007543	1.9583267057106777
3.6981666346200726	1.2716954846792572
3.749408444463181	3.6418300276516162
3.6196150527073545	1.4706894688195782
4.584991268209866	3.00168368848421
2.1803718624962576	3.250247821348331
2.807630353255754	3.5638673903058833
2.7928280257820712	3.1894262375148106
3.0433473543476874	2.267146193702875
3.5101604414241097	3.9863658598954617
3.8234186137762234	4.738633766906245
2.1481435967073277	3.881178808925443
4.426184672920152	1.0563490986760244
2.5597010580345887	4.399576185402944
3.7926116507576833	2.9439440538137323
2.717689785454533	3.52491427931929
3.740690522190153	3.6220332358710605
3.52334168268403	2.903313926793295
1.2306340829729887	2.9247368023512736
2.331717381066487	4.0191570693309
5.144897024275659	3.7116019224862438
2.873587583899683	3.990262246044231
3.451812936257225	5.382926695230328
4.136626187777669	3.664415863694087
2.7902141095688062	3.207381157385307
2.8700344839806378	0.7893668894243793
3.3285065725680836	5.6917140032461155
1.0272964326625493	2.517323178203692
5.2486900668165575	5.374734715095395
2.1617806127215085	3.3746435680049878
3.2890232704625735	4.538430198896794
2.343486589420617	2.8902896788237613
3.4539977006386824	3.5114707546981254
3.593864562445098	3.2139579796422617
4.710379666394626	2.8138793006265046
3.2094484282727382	2.879606175377506
0.5212541986429104	4.012834335844254
2.010297791870631	2.7985418530285004
1.3244278441731716	0.9623175055591999
2.085034681685959	2.8041107511701724
1.8557372920381447	3.539790605536274
2.097123585500893	3.6164557163514397
2.524607568234897	3.616567817477434
3.5825287739970078	1.3078984791309187
3.5329347373234756	3.368742058011194
4.600839996375289	3.9678592099470635
3.0058177138799924	4.276578681467656
2.1006443241432873	2.775038728955884
1.9680774434739265	2.678107413817199
2.9048672955445816	4.487837831878039
3.5476276172219112	1.3320719542206803
-0.29051744331853113	2.563170023086875
2.263314468749576	3.4574620793574544
1.5794246951208644	1.3822262346187737
3.3376806406673243	3.2796278624317576
3.0379576270545945	4.8778640210521935
2.5513929022932738	2.9959393465636595
1.3234776880517065	2.7215459750364137
3.3114745454561274	3.474911714034054
2.146384333216931	2.7209278292126933
5.09481463432023	3.8134003740790647
3.507254434081633	3.904435464449695
4.292009076763314	3.002691661230121
1.886637282642901	1.8233078422502729
3.1644530882802573	1.6817792725409122
3.390374082006742	2.407002634344683
1.6309001538014252	3.797380500549836
1.883727141759975	1.0417948253430749
3.898021203467497	1.1136748412674542
2.5721335123903533	2.346220175239897
4.22844456851225	3.3943948479805846
3.4756150242111787	2.0864339518350077
1.3834223628530493	3.886749037096059
1.5498720486695574	3.333369970155182
1.8909812445331626	2.82936038176139
3.570903886330324	3.8188281365317795
4.881431470275554	3.3883651628193676
4.175698184024158	2.554064972787844
2.0474434753724804	3.23111493441816
3.2905678861650878	3.6475133579775916
5.1626081455679795	3.356283344862047
3.180187487716462	2.341989792050521
1.589760778875424	3.8552022050641916
2.3565313594804658	4.152936225558616
3.8212585435294217	3.2762745565433367
4.545916652065024	3.144104662462187
3.826547225636788	2.924374919220162
2.9654723286784774	5.161415846302788
2.111926299087943	3.276315532135793
4.939940154790256	2.841705971300056
1.9767982447258774	0.49208219780274565
2.994542273411978	1.4347182349694674
2.4302210303941716	2.922326799389435
4.65325556323487	3.206294044843098
3.6666543801221816	3.2768724588616145
3.448234189265524	3.821506780448618
1.956108651690972	2.8058475906795435
1.9718259526045838	4.214588794482562
2.564909540751663	2.078483957130422
1.3957878183761154	1.7915572795569334
3.515411199745366	1.7710138224461858
1.9874628062260762	3.742297024186518
3.035940029790719	2.917080057660774
3.6673420961764087	3.7898179218204993
2.0766199616691625	2.732293578442915
1.6188996691505004	2.4081078977871875
2.1217495838151508	2.631647424873494
3.5094034554222637	1.1473831757582709
3.4697876341550993	1.8303847395858852
1.6223241531939974	1.5579653536415499
2.647173593582252	4.054322271975348
2.1704260206788795	2.4026699086371996
3.3387019836643064	3.7894598527901797
1.7389650635353486	4.516490601691958
3.808755144962193	2.8082251908900577
2.374648479133369	3.2838789063523515
3.817174965568112	1.2489324806039215
5.4625750165857685	2.1813302224801974
4.34295751067967	3.0562148493828385
2.8637048007898382	3.2990869033361525
2.1170772503741726	2.240601882701118
4.751302083094815	5.684858999226799
4.2514244689195255	2.541609860907611
1.2354540034245138	3.064243556630038
3.433899349823264	3.649791867153518
2.4942998680693984	2.9739813652260048
3.5269353213773207	2.356432612972886
3.2985828851515047	4.045305663963305
2.9127557933947625	4.615545323207201
2.9890381572009943	2.970306028950165
3.192560211042065	3.5622673454030664
3.469796485143739	2.90258750149737
6.047860889798724	4.016455217702162
1.1313444996662967	1.843832605740147
1.2095757917569625	5.320860223994476
4.1010817417192325	2.3964687522116623
3.168107522109968	1.5411505855619076
1.6247246952875065	2.6490821728069305
2.001709976947798	3.1467084841450017
1.723398381254228	4.6236212076802286
4.071746918159796	3.91120967677132
0.42273190380203163	3.1424584320457867
4.133459959770327	1.61051647601184
2.2460836581167123	2.1339622553278863
2.8587240195543107	2.836715067770706
3.403710317962031	5.553026113460593
3.3794157981810193	1.139772425781585
3.991396812531003	4.131054651846021
1.377340204243193	2.472765742766079
2.9104867722372485	4.665990899987419
2.7407820507856226	1.8607993600265953
2.790367166938965	3.1436232346627473
3.3751707530608663	1.900449058297249
4.134021244755048	3.903516426361675
2.7462736903160385	4.483779488738086
5.093639449958927	4.950721006401151
4.418566942835614	3.7976006575895185
4.0763966949383805	4.843266254577822
4.078678862672354	4.246423908661646
2.8928111834329195	2.8681250881759848
1.4015124516752568	3.4770372382847
4.515324144064967	2.0280057885240668
2.5663239794033887	2.814797830599006
2.1004552466789606	4.220963708348822
3.9895322022888755	3.54128414348235
3.052799401522479	3.45735733162533
2.1763890973779434	1.9618689603127948
3.255509102547389	2.395486769665883
3.220684347251213	2.2353939862464314
2.6922732087893824	3.395295870013499
3.060013253333271	2.009492369533441
3.5556528899392177	3.562041390099052
3.1386150194608913	1.883583588066458
1.117160207613529	4.828530458135364
2.1263313203939718	3.4605913494781038
3.914597072827623	2.2989963877467305
4.24491762233132	3.2410459325012235
3.3599822406826076	2.647546800772044
1.671225299052016	3.371147959759657
2.707320881583047	3.2435327187603002
3.7015052368406614	1.9858858273385256
2.11776543218198	2.2086861211805298
3.133370388722892	3.2995936847395635
4.120678499291418	4.639051908751561
2.5388075457882118	4.084617008670922
1.4758571898211885	2.375432526381906
2.5655317018671724	3.8259229016474943
2.8079996288610714	2.9514316472437114
3.656243128417058	3.3013136517184045
2.4316014691304724	3.260361490736558
4.070570534890385	5.575449763723391
4.653149024480891	1.8147111894127756
3.043352768493754	3.100919859012857
3.0345935057990383	1.2200227120323843
0.634944467997189	3.589835922958758
4.2163473078918985	4.096608471721405
2.829093676650956	4.445662241101154
2.1949469063778064	1.0748547481628792
1.949407155884115	3.4127694971940303
3.0107244846593235	4.593369951383652
3.7432561414292516	2.585984136957697
3.0657840518699873	2.7878494679180505
1.060244008062841	2.9634627777952587
2.517260991824167	3.3650187514330354
5.044477072558074	3.665159875745969
1.5765408713497506	4.317820883711482
2.459497339084919	2.9045124095550077
3.033571771837525	3.196278045472469
3.0178636211100986	5.487997877221462
3.1497897197934033	3.431098928114991
2.7434405190447504	3.1887531093298334
3.5038669330370165	1.6577568747165512
2.722988748339992	3.0028560476222266
3.931356024820741	2.778673846833119
2.799853124725243	2.988954170190626
1.8931625793335547	2.4245823587288333
2.4907938863461987	2.313184347557299
1.9662503235488873	2.279226368179878
4.090868761802618	2.785495484600226
2.9452072155274034	4.368132648028627
2.382749697277937	4.049086626559328
4.0680048677332845	2.6400248820569434
1.4341856629415404	1.31408354546126
4.0348080109852615	2.1554165714640465
2.83548129149416	2.5422394667594923
2.848167669644919	3.103638004228304
2.8783296980331454	2.3373927242991854
3.2104245836434684	5.006680690831891
2.5500632128537952	2.727732465581649
4.031164491897463	1.7860555297604903
4.289364188223223	2.8587382427174868
3.654568638113246	1.9946224184065862
3.0573241038477796	3.1561557072753263
1.7432521796429539	3.2336336140898694
1.412545860135457	3.3555876116283843
2.6805185374552543	1.3781417408757854
2.6184083773068516	3.220711290970649
3.243644883639445	3.310450080541646
2.951946915946966	1.5788915524955123
4.404545861101792	3.9553656397304113
2.710066271104236	3.7841708790943374
3.535553582293745	5.299619361154445
2.6653212268994513	3.156702987375728
3.345981339154502	3.0467335275180005
3.661615734836447	3.096585834082436
3.2191113768020463	3.0697662309003007
3.3669049106337066	1.1515272246623331
1.90542179215763	1.3288729413577565
2.7907919175628724	2.922461033208797
2.5675085738467844	2.4189326194335017
4.240853585800776	3.054736525057425
1.5031782903719821	0.8887916267394687
2.840629558839238	1.5013017454732422
3.856281403403253	1.8985165610612575
2.6909533545531787	3.9860582210602473
2.129565970155123	1.9015099929098835
4.383677138301561	2.2004860464234692
1.3098930299694387	3.0798738186740526
3.158030705178362	2.677253638174891
1.8788292193513552	3.1464171786679622
2.927738680911085	5.305061982045691
3.3324228445667243	1.8753963287417634
4.8349200466268645	2.6945303600901953
4.100172218587192	2.483240550256267
3.041340299917431	4.5123954268324535
2.172147454882858	2.2305150771097226
4.881678654154571	2.917913096224282
1.6245588876757566	3.7871336143227077
1.6010095356970244	1.9414094640516002
4.143316255910941	4.65517581574201
2.5276994378068895	3.675762415474246
4.033639213354212	1.9257933904696456
3.1251999786882836	3.454577809057738
2.071337261153317	2.7866928567669316
2.1316603523012283	3.3132287719943347
3.849174603633478	2.9100248029843367
3.386636454475566	4.0705160367783435
3.9761635709971657	1.6488996142966659
2.6604563400950854	2.477383302804084
4.559075164433773	2.750809322244601
5.6293254415513605	2.0042012751486666
1.5301877181271408	1.960044956233806
0.7265270870052758	2.9820197594233373
3.4550335402388286	2.8678248671432653
2.238897512905108	0.45065722524956797
3.0075027837097212	4.040573455719376
1.525686200284008	3.2497257359851903
2.445856067430619	5.416207373148328
2.796336034883849	3.685198238051097
4.799136451765872	2.5530406910380075
1.9170443192022457	5.7973911469580965
3.3508536150468555	5.832226023915507
4.403490084715027	1.7812881837098207
3.2017966649133305	3.469031955955424
3.1267781597923032	2.78875308136785
1.9407931273338463	3.1870511465540123
4.167396032263996	3.227542728568814
3.557643627318445	1.7380995371309478
1.5118800716168406	3.2855895802425614
1.6413342312299686	4.749247363141796
1.8367854560976378	2.8359099958651974
1.3384760546521193	2.837073289301546
2.7959690201701037	4.398572006337466
3.5818836868697748	3.898396240682948
2.4447959381365783	1.351505181618715
1.941276874174072	3.228556973262187
0.5863667285289504	4.653547234677734
4.9649823327111875	4.415276349919143
2.7267642969331827	3.41995160381423
2.3452054171303542	3.721220807112894
3.054598655360383	1.8030647878113164
4.557822248485111	3.3001315668813733
2.2584991079137557	2.0455510648121775
3.7790857412639194	2.541981931903056
2.494138501169487	3.9356036837796027
2.09244829398215	1.8631068883088568
1.7160429895254063	3.2669182508730583
4.557863797385569	3.4283320394715435
1.9182581518208834	3.0549119698396296
3.756981356946019	4.822188821835415
4.289019473848961	1.97765267142475
1.6856793340805654	3.6061302614355997
1.8537400267350241	2.9110694325493327
3.2425832677050037	2.7391677561660757
2.240459293761655	3.4640912338523813
3.8603257414230616	1.9795994093160696
3.151031579052044	1.6865490834815948
3.0937232337608718	2.505519124516577
3.280740054504004	4.751757149755448
2.2659012635027573	3.0557647746125203
1.462672464504054	3.331434398227886
3.4557710627789024	2.8101533623224606
3.032658452355729	3.4704927319538252
1.3632426508345021	2.048320456982854
3.329041970526538	4.157910466568641
5.6040381706071045	3.5847052602413516
2.4860162135520687	2.1935471773082953
3.886468011111257	3.0545532458119924
3.998538406003926	3.716331619499123
1.5791831864151478	3.557730982054603
0.5520019929847684	4.481934015876881
4.039782541403543	2.38701224510515
1.96897481833324	4.116136615490394
3.0941478383696333	4.036548009941219
2.858192540779552	2.837516868097145
1.7777632985435967	2.024073307178115
2.7863254815589342	1.9108548091154838
3.8513653538607575	3.457786957944971
3.4704088747428616	2.9288732662791057
2.3138647447011276	4.77910266685145
5.3359473318599004	3.5351379604962045
1.9047556181515277	2.6280551248365045
4.56715009883224	1.9744577515028858
2.9780689371816176	2.417598325394748
3.19035897759196	3.342888392897331
1.7069305139756552	2.5490653529433493
2.8111506849433705	3.5142301202306903
2.898060865094788	2.665661947830218
2.301864191141402	2.8944400912055244
3.827014556190432	2.2694903271921723
3.1958988560663757	4.905043584908705
1.822415586192232	3.332621731470394
2.316526379020149	3.230633640499451
4.275496706752527	1.308137585115933
2.3620436325891196	3.6597918995493273
4.37758962460372	1.9763764111202882
3.59831080371967	2.1084784256457025
1.7890796161429947	3.9183411710216487
5.251045175445851	2.54729935349177
4.779014190880829	1.2516277199968193
1.698627327173575	4.769904109889355
3.8147927840526545	0.6225930746074795
1.7562929814210884	3.572811529859585
3.168250200756106	4.01724924908461
2.5722243216370764	2.3690321333394655
2.1867211103707613	3.4442870514115542
3.6512118693600444	3.439130388388555
3.3045909231466055	4.040623152914512
3.4150971696456356	3.484099387952522
0.18391572397762213	2.755116220907475
2.8738529309024208	3.915992057940211
2.5271995768889144	3.8006223565097663
3.3407535409409497	2.0634309658642076
3.2417906426546095	1.599212566004269
1.6212453311426873	3.160277539993178
3.3388836695373905	2.7260376252248175
2.979863697239239	2.014460887437704
2.623037835858933	3.0839306795150327
3.4317237450378766	1.680003473513094
1.0409358438229672	3.161226351326199
4.428459612221173	2.37507161245808
0.9887070201543744	3.957164274192481
3.351591888879179	5.4244891411615335
1.6428803531505096	2.0840207563132083
4.99917741100747	4.057664170942975
2.043919378571547	3.825149727768283
2.1235687350231345	2.9298057756946414
4.271216971560086	2.5463536259429853
3.7683238784896282	4.575307706837485
2.8064751545297786	0.994542181763753
1.8561645712029904	2.3568052084063367
3.7659993040286746	1.5631565563422243
3.2241259990532987	4.3953134389460775
1.4286530650226643	2.809296567355143
4.127347240851492	2.4753288005303284
2.0522060192831417	6.1840444740663285
2.5512318107651035	2.949962732112372
4.105814528556326	2.5562506881334763
3.667867842173781	3.2998652501361447
2.216722489697803	1.4315753792450312
2.7510405672878733	3.4903026426720674
1.5749017225325244	2.9038367989200333
3.6017839620915866	3.4685251225301457
4.714487696379477	2.017629364062146
1.9521730735217353	1.9770161578520566
3.608621618434128	2.306585336723815
2.879659473177444	2.232010426907218
1.2809581861481985	4.299049966683589
3.2504140523111955	4.57914556180809
1.4504446726030227	2.843108046960933
4.097139649932446	2.6410634394153196
2.0744887638837635	2.6709611695783315
2.753200788129002	3.0692364778530163
3.7367715393514507	3.096904233701055
4.2800089388896545	3.2900343877655707
2.923356336405492	2.2533210589537442
2.7448352375459177	2.1531036111796813
2.7225531829653216	4.197077663746084
2.4631439777684516	2.4513726388966774
3.460485565976711	3.3030456952254506
3.511603722189581	2.943029466196668
2.7630621208723696	2.042150607849331
3.541589171621698	3.5910619094115073
1.780772352956927	3.173104873492955
2.825864124893851	4.399783356212508
3.615268316096478	3.117459584626988
4.806892964085328	2.668454241799147
3.6436811058960394	3.278294913305364
0.9539811478671836	1.814408350964661
3.5607624211310647	2.164105946606403
3.835999305852858	3.510273251139431
2.347052497222153	2.6668790987760516
2.5587068751570663	2.9340390536475365
2.248370943408725	2.8847782905780504
3.277975085155337	2.3494873812254706
1.877345783740328	0.9813113409175829
4.172608860198009	3.3488349701765925
3.048876767973659	3.7616395076468585
3.704140337217957	1.7112837646498749
2.3192413619828165	4.482402718458607
2.8699932385978637	3.385154823687235
1.8902919182298636	4.341640294993872
0.9414991310186545	2.0428295287577116
2.859344468275016	3.166781288354251
3.534616652198382	2.8999860410611915
3.8235167265187036	3.768507431881776
3.263033982230645	2.424140432087307
3.069601836360378	2.9899023280475387
1.0081980852794252	1.221340851256055
4.129109542737768	2.2223785571295
4.093217436524882	3.12503388366511
3.407966690317779	2.2936785076117765
2.412440536501687	2.95643051418852
2.178888140262593	2.5320740260747803
3.9079346992418467	3.6069301361614903
2.8729613936504115	4.168488308749563
3.0428929778975764	2.1774985871924772
1.8047935295742337	2.6929634414052717
1.9108077634979466	4.439761258369742
3.312280694434521	0.8010767458162928
2.9540062333380805	2.680162208259265
2.347277386598457	5.0647042841433425
4.653492636596966	5.193590069064255
3.3102709654800457	3.1565953233501496
2.4251271159975185	2.1363910493863614
3.5232321543801186	3.1654574194904384
3.0599182013481885	2.3472256040529804
3.021007535433707	4.452817282291484
3.7236532143163124	2.193517344296954
3.994479836178391	3.3729115952087483
3.199867234998128	3.619850074568692
3.3470278228070858	2.242489839304151
2.1659049343385464	3.8515246815061834
1.4701177875050773	2.252070029083694
3.011922379366647	3.63023982965398
2.6013280075084535	4.096661633103553
3.070415313905729	2.0115570776167937
2.398640156118869	4.107995040979597
2.7815045377212027	2.5104671287875875
2.763404498139791	3.294353388436968
1.8870848723839972	3.2018374722887697
3.9874211493954546	2.572803613661798
1.5521359868745055	3.2681028699977848
2.6508875878201708	1.7695690745761625
2.8191779892878053	2.8638631278150357
3.560241851130579	3.8257908316651705
3.1638775915825295	0.8258753507706862
2.6263151955695565	1.5120738126417452
5.063714257398422	1.8380624424030276
3.6015219488380925	1.4109103058545702
2.4140083876941905	3.419583039296359
3.294481786351775	2.007071650243989
3.800527545484263	0.835452914671027
3.63569453113499	2.3624312349195504
2.7642509675859563	2.609364748525194
4.634832384847508	3.85678547377811
2.1287707594177934	1.896247864001171
5.168934674435948	4.161289255738696
3.503339522315559	3.398362715628605
3.7871824789734863	3.3623521576355446
4.248600209548419	2.1474743296854975
4.077907340112954	4.953667879898038
2.7499226463943978	2.8357291679028447
3.11977403121588	1.1751024158216667
3.30085263245286	2.7961435286075043
5.320763775581856	1.0655559292679493
4.324320711495786	2.6894898842133266
3.1313071124627028	2.5777729968103813
3.87803515301306	3.68182969040341
3.7967689303110084	4.009496185737492
1.9504592870022974	2.2738950350988456
2.824411651482659	3.8061088683750257
4.043844621638771	4.424323109668763
3.468696015002214	2.2158559951573538
3.2849034815508693	2.3475956335006676
3.6802951812351035	3.650778363153682
3.9640536104945645	3.1830479699439356
3.051804082000394	3.548774960444283
2.2588052804802374	4.404684294547563
2.7731479964327046	3.3870831195763955
3.200147012715761	4.051701270175373
2.612179755231177	3.622905462337194
2.2060816329485027	3.433620389808855
3.1405139582483637	3.386084438184412
2.5441948010541258	4.29132330445808
4.145572907085964	1.9977401262893455
3.2496506881688707	1.8948172708425055
3.4202982754940416	3.5919460033972093
2.8043354964399594	2.880310335866886
2.642680486157016	3.0740052116849603
3.1236179789973377	3.741277377171399
3.7662142227898014	3.7532950478490763
3.9297142167847188	2.7373294966382224
2.7214793893979206	2.6874561310028975
1.6431631477245816	3.0735986090078695
3.787135594929695	4.063017789294744
3.3847986722971948	3.4260204866790045
2.6693194397480573	4.433007510823194
3.55462045006283	2.992363129580028
2.878427685179547	4.1256676052207535
3.0475961169783603	3.8830023110172465
3.7762515905666825	3.6120834609000703
2.1685587488616886	3.4147007067784645
2.1536921627770296	2.720117602857482
1.975860493342799	2.890962490830768
1.7320034138176241	3.229395495708467
3.5063617879225752	3.048888890679286
3.4644818965083055	3.9432244683862203
2.7387819995082596	2.890682876813569
2.369919023448375	2.929623078412172
3.3396261562249037	2.5156809124343353
3.423344808400481	2.8616636714566717
3.618271527554652	2.9312343576961557
1.5177981092732575	0.6862642261005849
5.508166352041476	1.6351683027856827
3.16757803378388	2.927513090048041
2.961787122946466	2.734716225135501
4.05960960299357	1.799130671792564
2.6145741051793623	1.0084618239569811
4.967087683810107	2.6456307800865733
2.0450311388880817	3.6534957656942764
4.6633605848705955	4.773238631927565
5.202734880097026	2.9615432062906617
3.7635638257920285	4.493184840627716
2.8379196060876786	3.0830221576359684
3.651567164764164	3.1155321042595596
3.5592869952776187	3.3248253133487466
2.6667950249422203	2.129422754739081
4.058900921488451	2.948281787105117
3.0858495457604724	3.9084476987922505
2.5020670070706057	2.250274213147811
1.3660103432913915	2.678393930112039
2.5205481187598036	1.8522292495407455
1.285237007833241	3.3543521964493546
2.546839966470284	3.424799782389022
3.00324112682536	3.648347351224082
5.256534856249393	1.780189968483098
4.224658551930644	3.107235034754764
3.3189626237382237	2.0559423083501542
2.2877295441462175	2.9996153512839765
3.32251357317817	4.34262392000608
2.456351378745163	2.4964747130657243
4.063811351838741	3.716683320938825
3.274129717350557	2.250331415916305
2.78299396752285	2.5214717895496945
3.3593857181656106	3.4387217505866166
2.88716830501685	2.3208877295421324
3.6707480260532575	1.2970351648545648
2.625654776740496	4.2651684352133294
3.0810548925112573	3.3603572378798465
3.0470493466531288	2.4163605594399105
4.948787086446146	1.0059212126693993
3.673668581278741	4.9022097713993045
4.489644084898248	6.390370821271542
4.605718057620304	3.2074804073554564
3.4938831008452365	3.849806647511189
3.160798367745603	4.224560312074161
2.7163997741993806	2.2981955664613913
1.9087373496996782	2.6488037704434597
2.5555997030774154	1.2728789633548039
1.9879296592415245	2.263421767728128
3.526310287634533	3.6224097828861144
3.307840173188787	2.7092840107591294
1.9148311155737476	2.785788465816923
2.998792816061896	2.887440448497484
4.680244715683374	1.1363330175043953
3.846555519092125	3.8376299342316704
1.9924079401672656	1.556507111064579
3.61073725767746	2.7914298375843516
2.6665558672228777	2.5614365379411694
2.9857773043193547	2.781406183143802
3.4963576073496627	4.459965944735786
3.350786392406381	2.4179400820846304
2.6082794521419053	2.2169024042881036
2.790421171107755	1.480346005056155
1.7653298601008343	2.1943019183887507
3.1998197844349368	1.8338152926322615
3.9232080420266824	3.4079461962482958
2.834096898420557	2.1369957539921236
2.2946654467558196	3.304042035028136
0.7180330442730058	2.8535725121520796
3.4636830131037337	1.566437820089196
3.3263535719082666	2.209392214277302
2.117506789602051	3.885112455057677
1.718713873495536	3.9030760859545675
3.6586818566049755	5.005573274300628
2.3354295450555864	2.9964196916002193
3.5651575140423386	1.5041731860178602
3.962178270242238	2.2315829729848407
2.376639098099743	3.4084885048401485
2.893502227798929	4.900136334894722
2.6106691218577796	3.1100091234397227
3.580503496721951	4.14038682512847
1.2050220440732364	3.768081304692261
2.3347119909522926	1.8319083778826668
3.3744024256520326	2.8288873477351415
2.2972510689895413	4.3052615363476825
4.214514383893678	3.8760961095959137
3.1377501269492267	3.463796141567798
1.5966421013194771	3.477114245376879
3.1888393116043443	2.508594699790598
2.0895096280044507	1.680614686655798
3.2219220001899123	4.295425790831308
5.298026400306224	1.5797805083330712
3.8802125455660965	2.0611040802941702
2.7772643109650295	3.6289649925198404
1.5534472890659938	1.7378054506103988
3.5934021250008334	2.4481295867272084
2.724020988617449	1.8172004932175223
3.964819289479567	3.62066355772895
4.016456241333799	3.4463130166380957
3.7773166434168224	3.4218846932736877
1.6309379326664204	3.4424647721456365
2.059689910089099	3.557245746378939
2.4063348426823	3.639356491970517
1.8845374465635236	1.0313384433257782
3.424424996733506	2.851183638640132
2.240423063106878	3.112463812551901
2.7903707221284506	3.7246762026477596
4.049100924812818	1.812513923994715
3.831062222281743	2.500399810184087
2.949947068080854	1.9263570092488416
2.7943699385034555	4.05724021270968
3.321358418660978	4.2790725832093335
3.9964912437865374	3.7876767253592325
5.090891940489156	1.7775966174230091
2.574764520558901	3.4519521167366536
3.2952717091370967	4.150449186380916
2.4508391168187202	3.167940980736459
4.545891813250164	2.43389066710403
4.2533359353124425	1.91388175938865
3.1113318746719676	2.334697204439844
4.412813535631702	3.714848355949339
4.982953850720711	2.5683388996180723
2.216404592166434	3.2276149399400875
2.099130660250467	4.294945795670305
4.029963642004503	3.578334940469455
3.272057268566593	4.36467278147354
4.133972905171254	1.2984201973395937
2.683573083247016	2.7193237202862077
3.0296783010019914	3.0650680194921933
3.869460450959366	3.5785892916085147
3.774217543896185	1.8307933784710297
4.062081193428197	3.8061848554472886
2.563625737807457	3.307390076162333
2.4289911521858993	3.2638060136047167
2.623525105584114	3.5084847916050457
3.842889697415977	2.8836415601230057
4.786169628235273	3.9255460984991135
2.469124336845528	3.64822977373149
3.1770589473943187	2.8497906258323007
3.0393923499714965	4.040377019340699
1.9678720151266131	3.2925586849461816
3.8935158344016	3.6687513994394645
1.855984674314987	2.4058223583757785
3.413191495212929	4.5804318369859205
3.7131878217560126	2.9960110556500164
3.2057461438175676	3.8478427688934755
2.609980271157154	2.899883474107309
3.2072156452557237	2.7203700930194006
3.9005072205478584	3.7844382452800063
3.281624278790779	1.4153833554088253
5.54193110113798	3.4783661477940306
3.5085116818724447	3.3935663729948145
2.544033782460973	0.30467063087548363
3.1692597745320867	3.3683773285332568
2.3116722777387744	0.8315822526529946
2.5140175660255397	3.65980437689272
2.354353253644412	2.5460862666188095
2.3439550549745176	2.305063174765106
4.738580761374266	2.993153696827335
2.995840319981557	4.373052044983989
1.3699326653931732	2.364676922782106
3.480485227044419	3.558103293948777
2.5471975575794366	3.3411578684218775
2.8566062690200638	1.8204813708584429
2.4429877748119777	1.2589779826660301
3.272030117170514	1.007414228760857
3.6482992965160026	3.551274211467889
2.928039155634355	2.9652579384687017
1.9189517717065951	3.207814830703413
-0.9816987726484359	2.8146677103161353
-0.12596408214529747	3.0314406650264463
1.1167763755544309	3.411351933690778
-1.1637866037459026	2.223816109537537
-0.624591683369118	4.139677657198062
-0.7423822745846635	5.200760270746588
0.22577056694281802	4.477205328734842
0.42287200658565743	2.5455821492924318
0.09805290200649287	1.1771127309675529
-0.4046906562375816	3.054197957109595
-0.7999146066411164	3.8802732206040695
-1.5894691499569285	3.778106697935667
0.5090704041372714	1.7702532252882572
1.0155647481514816	1.8868514892565877
-0.10085866561042914	3.133744634877637
-3.0221041852903863	3.626081345376854
0.4286158450837038	3.8729316638554585
-1.1456812177847597	3.816391978938957
0.24309820958509268	2.032024508033511
0.47854323776387747	1.6873949438000144
0.7104171222075563	0.9874802220407153
0.21124462771760324	3.5049326977278175
-1.641784470875433	3.8281115657694267
-0.30184672056343925	3.3358506888250443
-0.487329123215285	1.9408755539886868
-0.838735792432261	4.567716749949346
-2.0717415128860024	2.629853375636609
-0.7756188420795305	4.779038361495694
1.427111352951934	3.5514020050805755
1.0335113354661456	4.190310645085523
1.5894551135918253	3.3306022262944057
2.8485467698937867	2.935347771900122
-1.2907339277926053	1.9874519316267854
0.4937238742824079	2.4414858098086407
-0.39497067770601596	2.9528921637235745
-1.1816178531439137	3.282074067985043
0.5118326945804706	2.9667807876689034
0.13496764866222088	2.822028010906583
-0.3502561795244546	3.183485516942061
-0.22587922181762454	2.475627957402484
0.7743152495881034	2.46406254366049
-0.7308156100065911	1.5442952983439757
-0.5456355282424656	3.8462714702680065
0.28844929592149066	3.046932368001524
1.2223809108590027	2.9163757665726524
-0.633333595568586	2.2590813852250835
-1.4275196559150003	2.752226136097593
-1.3805174933893554	1.913217144298703
-0.8726345667953376	1.950702647647251
1.1788076188799588	0.016864931347727652
-0.07431273634746138	-0.03134691949054902
1.2045145262889287	-0.08768475658590069
1.0339840572299357	0.08830213101249734
-0.27438460661765773	1.2091856212533847
0.9756213953388027	0.7563967535356566
0.5244273788868501	-1.3563605863048016
-0.5190080962843677	-1.3605876298144537
1.7055803955985565	0.4771659062656478
-1.095293867472034	0.6499387472810392
-1.5419554599930034	-1.8074743420352921
-0.11448125004330889	-0.31644722581210694
0.07806882586317626	0.5275611516966839
0.9964216676932284	1.961785915176476
0.009038587173965051	-1.512868728322283
1.0019821696035136	-0.7554442779819779
0.21183018174838353	-0.5803068472182236
1.1866260082411282	0.6753960786488513
-0.288403786030499	0.8308392214142527
-0.19136884096368556	0.17931076869960738
-0.7429990080513273	-1.1123286879499859
-1.4822097124291669	-0.13055241686431918
1.146441834619146	-0.060485986655885116
-0.46618929222734995	0.29741871558298105
1.9272674470952096	2.1228851811316756
0.9574837586480237	-0.17677053043799607
-0.4454666846084647	0.5762644051386911
1.238389150369058	-0.20539834162691095
0.15435930012209587	-0.7402278490439189
1.4004446938952713	1.1359478978686006
0.8703507041150595	-0.5506286796527471
0.5407969264500623	3.235209189622194
1.1123187664060443	0.5925629378272146
2.445852089816367	0.5602535760786763
0.2569036704724246	0.43345478898913953
0.025099904595473455	2.3436455400400584
0.3632854259388576	1.163927110403606
0.9887477256883099	0.24900935625203147
-0.40020365726043783	-0.6661898066108356
-0.5775356600614181	-0.5387277607174439
2.8736708560499182	-0.28498930533731015
-0.6245748375291145	1.7149484309783092
2.2795477471535115	0.3110184242290973
0.8445503624354278	-0.2571986226798254
1.6091731137592769	1.2920594778802739
1.130105782923093	1.8451800190221719
-0.8168837687242412	-0.19453148407131515
-0.03451338828407324	0.055067455957625966
0.006101914258119345	0.8452841867237856
2.577992431344813	0.49515556346403305
0.30367465725843573	0.9063664714847772
-0.12880315387389762	2.2141985257714314
-0.36094714339361644	0.4396134458790356
1.473247350475229	0.2192977324657574
-0.4375430520306579	0.9854144608944564
1.8952057782952674	0.45065547026003794
-1.2387430188763333	1.1277650615327857
1.2986342902435353	0.27602884857974347
-0.26502438676934725	0.9435227144011074
0.18208865486456444	-1.063740707567892
1.5636005176128858	0.5139036583033917
-0.6442586560685963	-0.01621598728368412
0.46662315737260834	-0.6905425755175283
-0.3184077748478462	0.08693079216297234
0.28180791417779427	0.8719949454229079
-0.36849725240991404	0.5923429640204638
0.47831947910192285	1.1934837625211263
-0.6152286496930137	1.440899243153547
0.8521808649111263	1.3284640297278587
-0.027288318248800958	0.1755108235246522
0.12142847775605725	-0.8281561980570558
-0.3438597770983789	0.2196650300876385
1.1210424949568667	1.6696554365108156
0.3223085021321339	0.37852363509192805
1.0801650791318491	-1.137291651045118
-0.40863782573344376	0.9913832228697763
1.136686379475083	0.7818193106933709
-1.2322386963767478	0.09939664480781518
-0.29037160203911605	0.6733615028560026
0.5137079788538398	1.869387669545333
-0.7061964752058247	1.7991960937568394
0.5845909401382517	0.043703106454541396
-0.06326228163603353	0.510664861858056
-0.02819440001510054	-0.954089144934241
0.07696156758967482	-0.22775332596874354
1.0967642297091114	2.5082403974651797
1.7508442776011965	1.9980096855109506
2.1816007097738304	0.2707452747168664
0.956296359001271	-0.19246514530277348
-0.18279319220246693	-0.8666232971684023
0.7390374835028201	2.6260518537636957
1.7033509334679413	0.6146297248384739
-1.6564776019500815	-0.09394890936711708
-0.20200942304860936	1.5780673379512546
-1.4466181002656322	-0.5995858328589143
-0.7130363537212878	1.2265641976064523
1.1113791183645116	1.9408703022385987
0.9119212032467858	0.2898298403783355
1.9406809782697114	1.9512809438833691
-0.24047345310968027	1.1415514314092494
1.458407217519356	5.123659252227336
1.3851178189221198	2.579515121927402
1.8193443628989188	2.297802353180823
2.2794933400738957	4.3826780683644815
0.9051140153519013	1.9835209643992693
3.5106408939135005	5.421611557768541
1.3622300070584952	4.072135777806248
0.7856061655150581	1.7851049461614434
2.4453904258632693	3.8549188957324225
1.9142779960545981	3.6051818658109944
1.890297806357356	1.0315864668153276
1.306417991689631	3.4581419696760474
3.3588104266207734	2.912739232132963
1.6042938066510328	2.612703007242746
4.208947066168926	3.7387168197506817
0.4230964546099081	4.3508903022938075
3.0713397592954457	5.227008833214051
2.8161909654867054	0.8674923539045891
2.241114823350212	4.2436113278099645
3.7503120602036706	2.5476488886647077
2.7628948432359874	4.656330165380509
2.438512559534433	3.8458616741578378
2.8399674881780905	4.9449571720604295
0.4737059386555189	2.0172386942433427
4.286760650956438	3.99463129762884
2.6053884156419147	3.795159338034633
1.3211527114067105	4.547862245919426
3.336164804463538	3.2688314913650007
2.638951121805986	4.644016845928739
0.5567151032268622	3.0550391245241193
4.367345597650387	3.070762596106889
3.30359786515808	3.5253793014557844
3.698408562578055	2.4307478276177052
1.8704786157100797	3.0434283591657123
3.366128522960584	4.610003828482416
2.0321943970331877	5.1518287043057285
3.1458063822065707	4.614254679628356
2.652525559658479	3.075134824811418
1.6437851206233578	3.8184798855396194
2.362996246371472	3.598489648944743
4.440705453966351	2.2409725270642022
3.0358874674612233	3.757408211140715
1.7864049023233664	2.6757066723281913
0.6398516803611733	2.4393757810528625
3.614826144975048	4.225505461365908
2.728621036089534	2.7920681128936593
2.5815898798548838	3.355951249490385
3.2325664873621736	2.526284423118566
3.8826328230557627	3.55594442585314
0.6612033996559417	3.9923465531504885
1.021665540582782	4.002545254666909
3.9067867166078125	2.424742022770612
4.383972132127854	4.758042250026577
2.7773662276072786	4.99297171304439
2.0695721948087464	3.8729104264107495
2.6287866680547065	3.6574795478843467
1.3707354045861972	3.5773429033210804
2.7465284930111467	3.7575459459397464
3.66554781579066	3.8764235887226377
0.980117707049593	3.636823618948169
2.7340267438126364	4.153823170914732
2.7839735870389273	3.164231457622466
2.7631582841209954	4.629344928502173
2.4439956962417817	3.462317188229376
4.818661889666792	1.7443059834638375
1.8167028679822232	3.4002796306165965
1.778768101288392	3.947020452653874
1.8707548091891315	4.730031672833701
2.9111256201765405	3.5602104326151074
2.4006915731191336	1.5599307983289983
3.934912671644495	3.504831765925361
2.140219645729536	2.300788078032526
3.3170553570547887	2.5238942963502513
1.183107075141379	2.4743729487650317
3.4258235679908005	2.700773075487437
4.5590853829354625	4.637129090556693
2.3273408160370295	2.6684711004561574
4.130556132645854	3.060937226047034
3.427846619109304	3.6841734614002526
1.6959677098574857	4.3903796255791905
0.6276682513606959	2.8332949899250153
2.762678090014843	2.6737761361300048
1.528348702319421	2.9813842777861588
3.877363861691964	2.3282813007666237
0.7694986857161346	4.420033349469811
2.505087181455134	1.3180418659010553
3.2798802434194974	2.9723079226450997
2.1024560785843684	2.058859977906125
3.3092489367071423	1.5432152158102237
2.449676969751355	3.528658197079262
2.398227958278186	5.038235661322778
1.3308764539367663	5.134640354799822
3.0665910938970415	2.9372237916472352
2.8753402883235606	2.8030442914817564
2.3760064610038927	2.961773696528413
1.6026255222666754	4.210110231783851
0.6044030068265844	0.938303037019979
0.9178135443295501	3.7477004744222904
1.5397446462168256	3.0944596189924463
4.403076977104462	2.756061503148896
1.5526752461247633	1.4938799686798756
1.7465796278269883	3.2941735822170473
3.1977971270218264	1.8509432275441324
3.0649302110342527	3.4846921268076634
3.86915034494198	2.6050983224865805
2.5125469747796108	3.546319724183566
2.4093699843216925	3.961004079383783
4.253550460644578	2.9962612328020555
4.081337632975037	2.477601543783997
2.325514922582624	2.8882577709696897
3.5268839383677255	2.8326064967855067
2.799216322369481	2.00672417094453
1.4922833138893743	2.7193817860938037
2.9259112012833506	3.306594865142847
2.372935685173052	3.2791666902006007
1.884228975416843	3.8295417398872917
3.624657711021137	4.79187572312354
1.257322978054818	3.833671031663867
1.5829846427202838	4.975786974742056
1.227034707005541	2.852074035279694
2.9262011029001602	4.8506684100003286
3.9643195896013532	4.093408907817607
1.988837050219122	2.308291114765968
1.8814677482157505	3.9021710124852245
-0.04036862385644158	2.262307159430523
0.7805070739500479	4.447230675691712
2.9648827645136575	2.9602538549724167
3.5067772901929555	3.263889812963381
1.8790110365561015	2.8204635110567677
0.506757507456608	2.6478217076357033
3.6831339655082926	5.202139709196782
3.280501608586493	4.491804522902773
0.7523050120975763	4.175213077027448
0.6628130178330198	3.573619959003937
2.3054435855535225	4.2363338145518075
4.120230284238442	4.161712776915951
3.0425705274232437	5.103520598381286
1.3325811595249806	4.350039778212439
0.3462664251226881	3.293810993542486
2.5158765401725334	3.285107056740104
3.1314451339640046	3.031927435663873
2.19471268375048	3.136261439184166
2.355121396107916	3.263316060504473
3.409335306190533	4.722880749598266
1.9081158262808144	1.1716403673019098
1.1095556922087682	2.7981541715896587
2.486879572714549	3.3671192806333434
1.8742497994401024	2.2167415962468002
2.2479149668026643	5.119100610105532
2.0384339061891494	3.266051698988142
2.71362309040986	2.3830818687864084
1.3021239420863884	2.6083862131893243
2.2681968665580885	4.37239516251344
3.0028414519507383	5.369009340504089
1.8695428695129386	3.375731496187759
1.5427024742190758	3.6070288073763126
2.5744828631416605	2.5514649399448963
5.1781644108209335	4.816644710729182
0.863835613412683	4.2226569263459695
3.2506305486363836	1.1707465371424686
2.849143907623776	2.8547674541824746
0.8813692602050263	3.265882505658471
4.398039888502157	2.3918393266194746
3.606544360431104	3.2267758243978433
3.2494507087513926	2.3665588457358053
3.8128813701278923	3.8593079537305726
1.396711676035251	3.8356447638651368
1.2355038663565099	4.31098435313938
1.9991238688994772	3.9164561359335703
2.9394058257268494	5.094114038853862
2.923679975612137	3.113862122711899
3.068073072207334	1.3466966325635696
3.0247063662818277	3.525659213079887
2.017174406130024	4.149848845025497
1.5907366346072447	3.098764400487197
2.956577687018755	4.900876477632911
2.181009601033143	4.594768678686068
4.885792750894874	4.037493298921215
2.424163026842415	3.569774757774611
3.3784418563748955	2.9484993668062147
1.401466820196915	3.3230566322180572
1.3141755923663292	3.9691778476699247
4.69649538110396	4.46779678824769
1.5776824815279298	3.203885343185668
3.0657283937178437	2.771746741576364
2.6639410216778034	5.975605861866101
1.6014991729845607	4.0185571703497
1.8108326809770197	2.5963967946625472
3.319023245342681	4.430979056343251
2.179933243023782	3.561686497897853
2.9670752312158584	4.326789248521633
1.248144663953514	3.551796952560829
4.071472585529993	3.4415709487547903
1.6802455479175893	3.5906116207122607
1.1089039118036728	3.912780797052548
5.109525009185781	2.8899142684560695
1.8522534030394908	2.8446367697268604
2.862979582071462	3.3152207938606395
2.389778248981957	3.6713014316370893
2.7700741475598454	3.1826235447306037
1.8079026930662843	3.8169845624579017
1.5717196945280008	2.3982645873980024
1.9068698986603052	2.069041547132623
2.6062927688225153	5.392010632508082
2.92412912886889	3.897877113060311
2.64031375201881	3.1029718666054213
2.7272911513118028	3.2200421515096367
2.2949380617667954	4.28511853104356
3.324595488543724	3.2896791857706438
1.915419416321496	3.6921149638766835
3.498298665870284	3.235274373901549
3.984281506127248	2.9986089420632416
2.2422225169125105	4.102189813520256
2.0847099959411866	3.641494558350148
1.4745804270873792	4.8018126669703385
1.7739239320790987	2.374603142325257
2.280212623853643	3.364692593950605
1.8084003882039337	3.291011051180212
3.4804977353711326	2.425137666086327
3.64060970386147	4.4978587262582685
3.7154879967948258	3.3926002509258564
2.455271463676675	2.114442009568533
1.838529625319061	2.9078593726057798
1.5936077528573556	2.394666439353905
1.0162985469498522	4.539088512614418
2.170799412425162	6.042904456862107
2.6281914493441776	2.826284180863589
3.161276942989563	3.4077699918982023
2.245931780353269	3.779735034290658
2.5643552748031504	6.208959419006808
2.825129316662193	1.170996536324262
3.1770230652825617	2.986044264303684
3.505864898028695	2.2972052427722565
3.4829469980268453	3.272375193763086
1.031169638162085	3.2241007824139927
2.2493821667064835	2.7701911939750694
2.9300717566332963	5.3341557175235454
4.07919107955978	3.7570653370649776
2.3071362630893613	5.893585374187961
2.997300055180433	4.323616626218353
2.585891551342152	2.2346878497439633
2.7071487552897833	2.746508784931816
1.7239446112974965	3.7730384191629525
2.5686352590528387	2.9221010589149574
2.6780014170307087	3.8542896890776106
0.12716152146879978	4.232572641958218
1.41279580242265	3.9211222766510705
2.3699817686981284	3.3653871658291497
3.2311979966279685	2.8564610661374243
1.3208703164469244	2.210679310835835
3.432649556192767	3.840894898598314
2.5480641732276497	4.422335674092897
1.6474142514790238	3.420330590254822
2.9113121153259285	4.25361765272448
2.867209823908698	5.727529683524001
2.059690858596924	5.433821281957706
2.360528867369148	3.005094523223865
2.749252612008858	4.046711841395066
2.7093740349418423	2.797789362253866
2.2491007741968776	4.189813423901611
2.0332713325860783	3.441636859923251
1.2057381840469568	3.777587578066646
2.919232279340387	2.640985385590799
1.1833405487164412	4.705377915832642
3.9652163568428795	3.4158200335231306
3.1450865698934427	3.0540800420449368
3.852901849503458	3.423378627384813
2.1905584382563097	3.576398379995875
2.079138619276566	5.136864011693845
3.866025418585391	2.38927601166625
2.4521355278432124	5.9589912034909815
3.4138662742098203	2.726687613536988
2.006157144905783	3.674643374960065
4.054913839411941	1.4418586352507474
1.6352826841771244	2.8455394696702783
2.544407932368369	4.231773364128733
3.5359426937414664	4.0052330585790195
2.58292211201285	3.910572221752549
2.765667025139044	3.0332346964673134
2.864461374099185	1.6564275339421708
3.9973490915659147	2.4271753729405825
3.0852101559690124	3.2701712346759573
2.6733276228220104	4.121637174990701
3.9832522072821366	4.3374454813896985
2.197638614817256	3.197111950846091
1.1268836139410174	3.348447465587611
1.7179127996540806	3.337148477476259
3.2985329575251368	3.5578455329557257
3.15686621713525	5.037144885586153
2.9656922544803157	2.773287471909608
1.8941065846130956	3.295237280447647
2.539519537251389	3.578726292442996
3.445056502792231	2.1617341068149414
4.011984610584467	2.5789707647970523
1.9407028370213975	3.700261948609106
3.5439634503748776	3.9270691277390948
2.0029879275622116	4.640090209380315
2.426929084418609	3.0342940435614927
1.7782289850568773	4.953900621234354
1.405828498950312	2.635443782680465
3.9232943894976087	1.903716920497736
1.4776963424555165	1.5539865544480065
1.812184921079071	4.604050274940583
2.8074548896609275	3.8048721113054556
2.5197490555703714	3.3695781100514743
2.0116016142983644	3.206386612988106
1.8394991896459163	5.086255455406766
4.214043327314528	4.701145504059248
1.0411430188927144	2.49626028880075
3.907895483363945	2.1089830171837747
4.581164119268905	4.5852958809298645
1.5457606143496876	4.060611806017342
4.0115922544532125	2.989019014910286
2.7241431340326665	3.896451965571097
3.846528895511418	1.4767688960886387
4.294584309347689	2.8348585270665536
2.9421139960504954	3.935007205526097
1.852887975501067	3.4270883609760383
2.184100619882314	2.218112355884665
3.1424738163191854	4.51526613067697
2.515757047070823	4.663059339202018
2.5986951474975073	2.559960161542999
2.523524488561446	3.3145333708769815
2.9460382951932047	4.230613939460249
2.1390500973896573	4.363724842718662
3.582702510991423	2.971252385365135
2.1224826042254357	2.621460160431901
2.8394077044791612	3.845075406845387
2.8355985920282354	1.583981781970327
1.7941959063662	2.5499224106516376
2.927571822018134	4.273587127057442
3.485350251537578	1.7962015944856964
3.703038341512239	2.29922287321736
1.8309672566353128	3.259214936385633
4.8332873773390475	3.1979264988627882
2.9169155735630246	1.7459552423127183
2.3185436123543433	4.0093788418909195
3.874960408151906	2.4785436629162367
2.4930370412762666	3.341941062596782
1.8297599810657639	3.303427792999045
4.324428587309911	4.196628740831187
3.387213958856379	3.4340185402863894
0.7377375560161719	3.3656520144517397
3.1546244214727306	5.154740844002216
3.4660944599288186	3.8718948820203134
3.357718561750186	4.123540462610102
2.9343193995799055	3.974898626830697
2.3140801137468356	4.071634626645242
3.2036672669154114	4.835736467037994
2.298280400832454	3.442895839033407
1.7980472527245417	3.7428439464224317
2.163818487779885	5.46963413281427
1.7501742987045898	2.969961686570521
3.300882335188553	4.791008979536237
2.622741393064011	2.8929218039276785
1.835711408498644	5.21013967532023
2.4450421167652117	2.8337526202393457
2.287304966158613	2.6856277232847448
2.4491393202799125	4.5364026244495275
2.3170831493304354	4.464931532612911
2.5246729283718232	4.051710837460081
3.5993909982109153	3.773188529340283
2.3260006689275214	3.7418598033418995
2.9553667223492797	5.5547607060465065
1.064221138198464	2.0674655047819126
3.0295901696128764	2.5136636829467305
2.347848603928139	2.220859877093907
4.47326132409618	4.460755490376344
3.1588787607011946	3.2543580646661328
3.3284526488827373	3.3699915441032036
1.2682964569329123	5.283306818339135
2.651085950935197	2.9209735472154637
2.355043725343491	5.522794601243284
2.199703087950971	2.0905591863563657
3.0311114792646583	4.817835613048491
2.199284858315951	3.8231210025748275
0.9933759594801823	3.111399480008375
1.8830072900431984	3.327163096612926
1.785599941796952	4.838974667778917
3.334522825751897	5.203805872376886
2.320952460723195	1.8215321789486567
2.206653563284669	6.921094608357052
3.155101630091572	6.077942654377772
2.3825794516640673	2.9746781653443803
0.5264719096006161	3.435618094793066
3.4745332319614217	2.8364526444633276
1.9470523487921882	3.4069989114098123
3.5738211297522664	4.239859438245835
2.1480032307195587	3.6033628149305623
3.5418247757409596	3.6920069982043353
1.9096488483140668	4.978807602696391
3.7684398987987517	1.2961315214191496
2.4795223352928835	3.008556952598179
1.1586837412256596	3.6444172712628893
2.722474087449441	2.716899362682316
2.606397594203637	4.560966240287039
1.0958096882102417	3.0544943578779735
0.4637034468385113	3.0708198462272347
0.01689488729332611	4.689011800529852
2.893625324430424	4.334294073061504
3.555136590659028	3.349692522135921
1.8488456575824985	3.1722428672135377
2.0644045557431636	2.051834709816008
1.2147917656333564	2.8027154154483784
2.3497866323163024	6.098490232129876
2.3391806405510414	3.462584986365951
0.986241365566844	4.41349189044332
2.338009230025034	3.3154735017352714
1.8177648730556597	4.109824296161446
2.0154824550014183	3.4472731910120253
2.5444719203914543	4.863921955681457
3.0348111632302803	2.9963665828656163
2.837547843522416	1.790939831318301
4.448526968123008	4.398549683127699
1.2215449835010486	3.2622659735056834
4.095110829208045	4.963407580530252
3.090700483309733	3.624378266479307
2.8703310457297544	4.953740843833106
1.2944716433121437	3.850226959507424
2.44214929575183	3.150974520340228
1.5557747106232411	4.225598607819829
2.7942318494925686	3.0407615703785305
0.8286315515598943	5.184759231253936
2.013002181643118	3.6465840168035086
1.952705782631917	1.4701429070704082
1.6224690160309638	3.0278299198939713
3.9822322527289478	1.8676280732129622
2.5105240124009547	1.3216446939053972
2.285575751456372	3.5592086510876086
3.2667292483367802	4.1478606366976365
2.4878294800349035	2.738573111334687
3.2213403308483715	2.171157673876059
2.280252570320385	2.8979692527716328
4.284828223221883	1.949474727649517
2.215590411326501	4.203001795150071
3.136273493528611	4.0745030051083075
1.5606601025880917	1.9047084904337868
4.473110498153235	2.8759311384292943
2.457486690694147	4.547216055089611
2.7209096424624604	3.3319407646719257
1.559476386871601	3.5095158924648837
4.080011108812814	3.917240223978003
3.0487310150649676	4.126834196680769
1.788138482638119	4.706243138708588
1.8871263774015006	4.272565368613623
2.143665892401079	2.1224329359351497
2.2114296927311212	3.1375730746848167
4.168541714027617	3.802298495796781
1.6489378028214623	3.390920123881868
2.2842239365499175	1.320834718796072
4.3147070852968765	2.7418852750056155
2.673451330152109	4.514551151323084
1.5462322387280025	3.658047162065185
1.7962124155221835	2.027439562385279
3.131284950402577	3.7159262062295366
1.592408231790146	3.3412925267921527
2.896963325733646	4.171853873401115
2.118041034546529	5.606558601750968
1.5714672988573475	1.984099868937143
2.1094239112318305	2.9949364780091994
3.1527025487471616	3.361237059657598
1.6800176331854324	1.3637949996162315
1.0225699142166829	3.468780004039841
3.4291964337926326	2.906830962087569
2.682194333185985	5.735602768579641
1.496341528325602	0.5820237861166437
3.351991888128706	4.988221168207484
4.21937580296318	4.5080246676911235
2.9946990353047704	4.235091629620298
1.4335102225416698	3.646811992724805
3.8618476327434594	2.789199704795798
2.7483038306007597	4.6056314007816175
1.5380699218513705	2.614252934964405
2.4530725457281712	4.194761817861876
1.933080945664985	3.902639185314637
0.8760198399509811	4.576238196435169
1.5992287885448462	2.903453568511508
1.908809348527379	2.9190123720229746
2.009013591816176	3.8020765638122116
3.658416603636595	3.8056851555143374
1.6608031065601174	4.873998354002254
1.9578933781279784	3.985399428386068
2.0963792657276783	3.644840039347648
2.442799656225048	4.342619843915447
3.771047883101151	2.9563921842372376
2.3464062480232717	4.592971896279096
1.245043904782352	2.4774583961384105
3.111712959847967	3.838147371372873
4.300849247476752	1.7931542363872706
0.6619721298140666	3.7464492582066726
3.064277936786275	1.9320368688579668
1.3596433993476174	3.2685150550346673
1.875946529527186	1.7425445499335401
0.8422638997544443	2.860380170101252
2.5420905845473087	2.7238330900657144
2.800444528172987	4.054774652987968
0.7677420208483003	2.9178778699142947
0.34347017660052437	2.731404898127451
2.1814811196487462	4.721515687814756
2.3301529544765596	5.1691704096720725
1.7576505017089437	4.593480384210248
3.1725366904095313	2.008757494858549
2.00217384761256	4.7766530825952564
3.4896120021407144	2.2714624292602963
2.7974796144122966	3.428048978018193
1.7051164661683287	4.234458203312736
3.2629534101753634	3.2861129196099745
1.6491393763685587	3.3496071963821845
1.9978209403139062	3.6253824262305523
1.06625746448394	3.927858022106523
0.33433701064526655	3.9113506790732573
3.0753757575705407	1.773638746133364
2.109361167396626	3.3243517659401056
0.9413362189041208	3.7868385232049744
2.3009545722734477	4.090740011639347
3.153813001319679	3.18263971583737
3.497570805415241	2.7973483595658277
1.099555696790703	2.132412198404019
-0.09949170568403831	2.7711927510801675
3.5473002830109124	3.378475074357078
2.3894626959779	2.864793951126808
4.0680691456143485	4.094702688120578
2.430328793685848	3.8675012308977594
2.8071798647523205	1.891261565313727
2.512053286253722	3.817331844798329
-0.39485439080467266	4.0417046582179434
3.898680478459669	3.2386730100854866
2.067886598293547	3.4735042380336356
0.6673422832886455	3.0677616930462666
3.111022543415865	3.2066132572133883
3.319342713160187	2.492959874632687
2.45169053955419	3.9252075996399007
1.1994486300435698	2.275183407664512
2.843124840404993	2.909535344672883
3.5257912707783445	2.58636193086151
2.4294514582074442	2.6290822856433316
4.517819268110738	3.1314443602064275
3.9754551209871014	3.0147474839072412
1.4135372019090364	2.800038120817965
2.041184425557618	3.2465661032173756
4.673996429963973	1.9151023919208208
1.8823837427770678	3.6110383675213247
4.8047953524489175	4.1318461589568525
2.946968711845108	2.2169013079660935
2.20050932304128	2.0868993784069945
3.928474586724577	5.731997110110461
1.2325025159670935	3.739507240812717
1.2854942100546898	3.5531929269048024
3.17485593104277	3.3014925444229815
1.3789780901175503	3.9926477611207436
2.30345022343998	3.537241061093232
1.8498868113327358	2.954088047643268
1.8289958120980065	3.0675239329779584
3.7841577651322282	3.155515293666448
4.52610958278953	3.180330604227579
0.294673935629175	2.7483011264030277
2.268610070088833	4.5741015234409215
2.1243577398151934	3.5938221556594887
3.692968518298101	2.726933170511755
1.367450158189917	4.091248734948419
0.6605232050483516	3.8502284786781313
0.9721298954515976	3.362420418817093
4.5236270227577595	3.9008818670400704
3.540507998633293	2.5936210047155632
2.40220839820948	3.3011597474379326
1.8031592006143073	2.500845295672775
3.0438885166101004	2.316189565576403
3.3585493019440227	3.168601349818311
2.270214063664157	3.6680248012484844
3.4426431516075278	2.5869944693164877
0.4564956978956469	3.3249418717155406
4.325495399899838	1.669553879113763
1.9912077925998863	3.053262748065274
4.4963272067301645	4.670667274726094
2.9943229171879158	2.3485841023202743
1.0156627158423814	2.3070679799533056
1.3782314256785617	3.28013854149291
3.8998606480999207	4.034670732983126
3.9760980362945473	4.736109165520294
2.4418941602592263	6.153740728603818
3.4529766387462644	4.300893238074751
2.0942298851713446	4.171453526553663
3.483938483895197	5.5279241170659414
4.110123015969892	3.199075696130536
2.9301687678968262	3.2866505944893283
3.7242106327967166	3.753270149612449
1.4133580326778972	2.0799119551594716
2.8348055803811425	1.6645633445720132
2.537840703900051	5.306789374038268
1.1194086701075299	2.925004257489619
0.6421787575830828	3.0421191432069494
2.5529502178125205	2.507044234010564
2.166663799220018	3.644072596665995
1.1909023179635931	4.091140522435689
2.67446224484665	3.271388762126592
3.543625865107206	3.5147046935473734
1.5057996338384534	4.451392914928735
4.024634539629832	3.489231922986207
2.7452531291498143	2.9386565278229955
2.902155077823464	3.4393899185534913
3.0227443363676962	2.6576736539520036
5.253608754149067	3.6018880836395306
3.086900242207328	2.6020742158516508
1.2336870692740445	4.8939254452766745
2.968870655033282	1.0134760956190383
3.119043185207939	3.9012941358106783
3.16613948273847	3.011972777039091
3.3747392937008778	5.4871488081498
2.3539782961589997	3.2655365693126908
1.907219291912373	3.981837360399392
1.051294249893388	3.886893969204339
4.066091288507581	3.7476724093367775
2.1046466693163346	4.018119835350654
2.6532339599632175	5.49741373388409
2.2147139814276815	4.427508823680672
3.531717268426286	3.69642414887758
2.454488582388553	5.290266218987437
3.6536137871377306	4.083197749189959
1.8402967236121377	4.150333599101656
3.4461898167309877	4.745030148618503
2.436452721432091	3.661106626019968
4.627232676929159	4.2254906914576384
2.173033138906923	3.2255197818677317
1.3922771022984086	3.624836065396146
1.7338371232251044	3.539642627327459
1.4463270176886975	2.86026696246771
3.8559427984614905	5.534653218929856
2.669301386573387	2.9411024006111637
2.569700988018414	3.1442205893279787
1.77980435130483	4.824417390357445
2.6677818765385584	3.479377770771022
2.7032789160151536	4.668126427189237
0.8218717498875738	2.892642879085189
1.409064871971395	3.4871583406945614
4.256444629671782	3.2490631215735792
2.8846107929948945	2.530886359593338
3.4921581873978336	3.1966880466329903
-0.4715850332843048	2.8447328603348154
2.9943345313463046	4.357447324947049
1.351960216560847	3.209016416976373
2.403728750954111	3.417218795555701
2.3911697898552022	2.672155307195198
2.0047630509622767	3.7151990056109296
2.642643497669046	1.8880636430963704
1.6670630039404433	0.5501282157167724
1.9401762265162192	5.380106343265833
4.185095945707509	4.257261697422699
3.0556123125840333	4.134728634060444
3.0233531233105952	1.2634917341970064
3.006104326333761	4.17712911702719
1.4347151147801547	4.019814270578053
1.0129729656256594	3.4223449586000507
3.4218009492870656	4.325038762653747
1.9585645342974156	4.620569030706196
3.6697679260298326	3.3778364008130537
3.0570803766876207	5.445337077658827
2.2015344563718746	4.488362699499805
2.688922789114515	4.724385381285787
3.1804502031227635	3.184882385167363
3.757448541736794	3.3688771443384993
2.81176653668682	2.577414577546099
2.4475019542308347	3.9073690854803553
1.9377661875350003	3.764011434380507
3.3758168233625305	3.5912835539416648
1.9132440372090977	2.8193125711342475
3.6638395708715734	3.268030504869016
3.04611202207988	5.485111782764588
2.049622830131419	2.5708406428947743
3.192515474185169	3.093909767373804
3.2795961089653316	2.096567446187541
2.547332659920564	2.2592709324240685
2.46456543440822	3.213234798564814
1.565518041262449	3.1087126982129227
2.7333860202557148	2.883098435767427
4.20078808299975	2.726155690467118
3.155838098813589	3.3033730767810288
3.130470468347582	4.634020543120434
3.4323275893039766	3.142198814473322
2.178096297789973	2.2167961363768955
-0.0017650960597745957	2.4309481954993135
1.705832528579916	1.495652350928868
2.6548395597062786	1.7894836777819259
1.9963328159203133	2.7525798172370344
1.0572317592330838	2.5235845387656237
2.8092671771702062	2.350973889398883
1.8355195294740905	5.489243653807418
1.9381008835406357	5.2511310826985005
2.6226348257950525	6.0644093006129545
2.443453993362737	4.276495901541337
1.8481089969875604	3.338751455160737
2.526238642996518	2.456739305549382
2.8395089961232722	2.399233737863791
3.093989980081054	3.0031260525292205
2.209037923963108	4.780520926596455
2.5550219977069135	4.166470562339114
2.8717382771934115	4.389500197272317
2.3234115303406595	3.312878572263389
3.273066921989977	1.9463636570740912
3.302419608349066	3.8264026717795807
1.1264338673368668	3.2853880279355034
3.381356062680646	3.1960416928506676
2.1842119394726223	5.684173228392278
3.4683865786382553	4.369691283218553
2.730609646495428	3.2715937963126787
2.109637717866516	1.596553580476681
3.5095367841786382	3.213358529276244
1.9049613288730036	4.490388920100186
2.281084771424447	3.8728209927142494
2.8166062906446037	3.772107368015517
2.254533457597479	4.545093639128089
2.4249551647367666	3.3309900127851755
3.3396500337690673	3.1541979747832407
3.897063920207743	3.2460338663310333
2.3938682312179367	4.2345129274607025
3.504721170092383	3.230651869035677
2.535219989364719	4.2603011424390616
4.148076165483734	2.2718163806413987
3.429032489887539	2.2289349786179784
2.2278891858063883	3.627383608306443
1.4546772054096653	4.260383157988027
2.3307214507847545	3.092347083977795
3.494434982580189	2.922578655081957
2.915337398323979	0.6606238330911056
1.4063638733326809	3.8743208742209627
1.9813157424320937	2.5971450212571847
1.7129596610106246	3.902574906183067
1.5032990462101465	4.927211722953398
2.122532022778903	3.004080954072671
1.3906200023635769	4.196725381553881
3.4732139557355737	3.3474542267023657
2.200354744194241	3.868604635711658
2.839482321326464	2.344200614720436
2.298261104908499	3.9178235949281057
1.1746020290744832	4.804961544448968
1.99620651797717	5.296711855621107
3.1296366937921443	2.312619345142916
2.850154112917245	4.033685008357216
3.451338626808144	2.9919758292342467
2.589814251248991	4.022720628103725
2.9995968980787233	3.321536137543568
1.7084273050366385	3.2519667343984926
2.9927276042936715	4.182099496739719
1.7896852889880521	4.2462015267358435
1.779269866132601	3.7790770377860667
2.935330216064654	3.9640493820462797
1.0735082569036745	3.8784604125332884
2.4730756946720978	3.778374001552994
3.152818422046043	3.5912301601069543
2.4256006488081447	4.415610225764827
3.4909625184719815	4.209899292255341
1.8490067204304959	4.293932838572023
3.39516798811002	4.606968498494097
1.2070070649905318	4.049337333014554
4.574206585696197	3.3470016713053337
3.612460122293623	2.410529576754737
2.8383458924600045	3.011967546198407
3.200697519970714	2.6300450826992052
1.1530548286754418	3.201491413024747
2.560425971926005	2.9747054273596127
2.145195584375208	3.3033141841230482
1.7926304426688446	2.476100081725755
2.3471220486429356	2.8776978834260456
1.538989962364224	3.8555871570779305
2.0602837731278685	3.713605953502618
1.8017861958106787	3.095930318427858
3.986007464354874	4.512822332051018
3.626321734070885	1.8588705586669323
4.726407485986603	3.982758608560415
2.7532728637439234	5.069830567120617
1.0682435038019011	3.0921522417513807
3.478402832216023	3.8875849180408473
2.1849367777516795	2.9417119966757213
2.059043835813026	3.477984963759914
2.2614736007095195	4.315603462122397
2.784222614442247	2.5859855186064356
3.1181440426235483	2.9451792022508623
3.1367679606045775	4.032223347384848
2.482546752840345	3.9157096897244577
1.200361588912184	4.306859181812312
3.2935074851439246	4.752748196896511
2.6225343871130486	4.2698527417815155
2.4007318433992184	2.4223673927868097
1.708586509893227	3.6537813665439574
2.731328117024349	3.100912579751037
1.8622826925746758	3.4941425018872057
3.9967328080747553	4.417362355389143
1.7816003445568946	3.776155443869339
2.4036289922298115	3.655188360208886
3.5956452743285148	3.3798852546022164
4.830358636321767	3.897018504856981
2.8653366349313014	2.3213748114418546
1.8311392678738776	3.0784519759928832
2.180944704081684	5.116576036042834
2.8641663897854075	4.116122843297705
2.4499346436724108	2.5382059732351996
2.344009398099964	2.271443340650727
3.252410526194919	2.5406697464107078
2.445444921068631	4.080156856563299
2.3877314530318414	3.933158964582613
3.2228314604482398	2.9314176968588805
2.301804436185465	3.1313156591010656
2.1894396861623013	4.478228069525606
1.9736763982942502	3.1929263900339824
1.7889534779803289	3.441590720154834
2.089689386740626	3.8525337471586787
2.1986010728079886	3.3176723694911066
2.595430096462264	2.764973595597199
2.0512396947742975	3.0870587248435903
3.7692450421112316	2.4189995648013163
1.8457298069585266	3.9693126160076737
3.0349093746304354	4.8320401225175384
0.16247117731731908	3.744262635869097
3.096338058924886	4.312729226193841
5.38762982904888	2.8488649750656716
1.1279146991285947	3.3596912237364323
3.0986523816788445	3.36388784340639
1.9070490821403978	2.0693593749007895
2.27425793019671	3.58889294253109
1.403687937861857	3.9792372589690124
3.4032660239233268	4.183406455538803
3.689061591247927	4.8156540407747
1.435030999821119	2.0273505632225004
3.458567467505941	4.117651459020608
4.033694117873146	4.2170740728326015
1.7220305049901432	3.2899741919752232
2.5652582755903692	4.102459332748625
0.2217957756110871	2.0854675252583004
2.1563903773653212	3.7143946739407676
2.8530927403612973	0.37091180860828654
3.1271845498948494	3.8120583031454705
0.8153913266963346	5.101563455004342
3.7149278842314875	5.041987027708236
1.8830379546890894	0.8403306202641043
1.9383199847536638	4.035026842684138
3.072805931639577	3.150279005653017
0.9642821201756644	3.474991941903542
3.2476554644684406	1.2838665442865014
2.519471857856035	3.8850405011751366
2.1123715960835407	2.9732793122571164
0.1768740265346418	3.8738894888988655
1.884847761685243	3.308781799643379
0.7684519708679141	2.474562444627718
3.2285626232021754	3.833196336107161
4.245440306783524	4.095069071311139
1.6106432148174028	3.554319287430729
4.128468999686122	4.067101587438083
3.8422103638945684	3.0359893712640225
1.8892297977616719	4.784800815059987
2.5557766266686417	3.14202771819434
1.65298071834034	2.920348110154055
0.46146577317796444	3.933174741267751
0.6274067243291761	3.412744882660601
-0.6061333896930687	2.882329981106898
-1.9150563930585829	3.0520186136286345
0.5854377496312043	2.6448266518381183
-0.6779855905375856	4.208392285725272
0.013817135120132884	2.552389382452092
0.5760459783736424	3.307143831935644
2.420885049950973	1.5598837198074869
1.4675527455030264	2.5392422368472647
1.0567439323010244	0.5023726718159112
1.6102071837434588	2.6387296016830466
1.6612499396064213	1.0117232338602882
0.9129254849500588	2.3671256155716915
-0.45188943448040186	2.2598831257163514
1.420180526501519	3.472019277591751
0.3818248820390207	1.8577685491152558
0.7029927953597617	1.8358215568525051
-0.2930997991549895	0.5269862891750219
0.4615631585240051	3.12038170075029
0.6681629918180195	3.5886716182506477
1.0841894089855921	2.273922761052365
-0.3918986665178291	3.9802379395133443
-0.639333076048475	2.0902439445584085
0.4805575165319	1.497677958016021
-2.7717827509414583	2.729145399273747
0.5029932121734623	3.186284539494493
-2.4238239501317973	1.0064796273577594
0.6338795220652906	0.8643665983173043
2.0707070621667887	2.5464198809005514
1.9247665801707747	2.980435287129279
1.3714699430878015	0.15551362564372395
-0.9784079824425909	0.7938125004575196
-1.2033233021261827	2.8077699396150235
0.10239140703865762	3.3887344572167164
0.1915047074318963	2.119064410569525
1.0369552926380434	3.7004223705861787
1.1766755963679012	1.8862135823717734
1.2179031021596376	2.333304187391932
1.3705499949009656	3.8497427411458043
1.0399224498483253	2.41844263742385
1.1226897679586374	2.525873102085107
-0.028537449562570427	1.600129292935381
-0.2708186716940403	2.5670106043901453
-1.1031807544350496	1.8557344153007955
2.948621353629219	0.7005604830577119
0.004880318100746628	1.529508127960791
0.8184684782892667	2.26135090941081
0.7663906025502989	2.6636317459771424
2.141704109938246	3.5680358963444236
